5.26044 0.00120192
5.06678 0.00210337
4.79626 0.00190304
4.50755 0.00195312
4.20445 0.00174279
3.88957 0.00335537
3.57954 0.120235
3.29152 0.208158
3.03887 0.276776
2.83894 0.3314
2.67992 0.375683
2.54465 0.412986
2.43903 0.444111
2.34491 0.471755
2.45247 0.440405
2.36074 0.464543
2.27098 0.486673
2.19743 0.505225
2.1284 0.522362
2.07518 0.53726
2.15151 0.511705
2.10594 0.525636
2.12136 0.516618
2.11442 0.514598
2.10213 0.514976
2.08215 0.518433
2.03732 0.530215
1.99391 0.541144
1.95573 0.551134
1.91804 0.560347
1.88328 0.569363
1.85509 0.5779
1.82697 0.584991
1.8173 0.591611
1.7878 0.598498
1.75972 0.604642
1.73296 0.610382
1.71155 0.615606
1.69464 0.620616
1.67276 0.625834
1.65182 0.630585
1.63185 0.635266
1.61165 0.639668
1.59213 0.644217
1.57304 0.648117
1.55421 0.651945
1.53625 0.655636
1.5183 0.659368
1.50081 0.662769
1.48461 0.665829
1.46956 0.668953
1.45417 0.671898
1.44204 0.674506
1.42725 0.677423
1.41324 0.680081
1.39949 0.682789
1.38652 0.685354
1.37629 0.687718
1.36437 0.690077
1.36057 0.690605
1.35084 0.692707
1.33917 0.695036
1.32897 0.697049
1.31893 0.699172
1.31148 0.701304
1.30131 0.703239
1.29101 0.705175
1.28138 0.706974
1.27185 0.708769
1.26289 0.710444
1.25671 0.711945
1.2507 0.713404
1.24341 0.714955
1.23536 0.71661
1.22753 0.718069
1.22119 0.719426
1.21447 0.720756
1.21302 0.720588
1.2087 0.721207
1.20217 0.722423
1.19484 0.723829
1.18776 0.725196
1.18031 0.726639
1.17367 0.727854
1.16717 0.72908
1.16079 0.73027
1.15628 0.731325
1.15478 0.732193
1.15094 0.733014
1.14522 0.734038
1.13973 0.735012
1.13433 0.736047
1.12883 0.737141
0.628687 0.828125
0.645342 0.830679
0.635014 0.83113
0.61991 0.832557
0.612508 0.83131
0.605518 0.831931
0.600918 0.831731
0.601838 0.832182
0.607083 0.831264
0.608368 0.83122
0.610995 0.830147
0.612456 0.829878
0.612342 0.830182
0.609671 0.830894
0.610196 0.830489
0.610429 0.830322
0.607673 0.830635
0.606625 0.830462
0.604095 0.830482
0.602469 0.830198
0.60073 0.830286
0.598689 0.830611
0.597246 0.830843
0.595103 0.831393
0.594782 0.831455
0.594783 0.8315
0.593577 0.831787
0.600736 0.831538
0.599854 0.831845
0.599993 0.831901
0.598474 0.832293
0.596008 0.833083
0.594954 0.83317
0.593868 0.833401
0.592271 0.833697
0.591161 0.833968
0.590406 0.833989
0.590329 0.833771
0.589805 0.833827
0.589024 0.834112
0.589199 0.833959
0.589116 0.833913
0.588645 0.834184
0.587933 0.834265
0.588894 0.834108
0.588619 0.834109
0.588032 0.834301
0.586894 0.834498
0.585934 0.834754
0.584589 0.834934
0.583094 0.83506
0.582776 0.835065
0.582098 0.835121
0.580868 0.835303
0.580012 0.835419
0.578907 0.835605
0.578633 0.835669
0.578458 0.835756
0.578276 0.835759
0.578129 0.835757
0.578225 0.835755
0.577693 0.835889
0.577862 0.835885
0.576921 0.836172
0.575693 0.836451
0.574953 0.836488
0.573851 0.836624
0.573323 0.836587
0.572602 0.83663
0.571722 0.83677
0.5716 0.836716
0.571175 0.836789
0.570886 0.83686
0.570444 0.836932
0.570333 0.836871
0.57045 0.836847
0.570353 0.836839
0.570739 0.836669
0.57063 0.836683
0.570749 0.8367
0.570174 0.836902
0.569613 0.837004
0.568569 0.837252
0.567913 0.837272
0.567383 0.837316
0.56707 0.837409
0.56625 0.837519
0.565956 0.837498
0.56567 0.837528
0.574477 0.837397
0.573954 0.83744
0.57356 0.837551
0.573287 0.837579
0.464204 0.861479
0.494155 0.850661
0.499282 0.847055
0.499902 0.846755
0.501734 0.846995
0.500036 0.847206
0.502776 0.846455
0.507088 0.846793
0.513471 0.846087
0.517762 0.844652
0.52277 0.843614
0.526339 0.842773
0.529731 0.842109
0.528835 0.842698
0.529952 0.842668
0.531931 0.84221
0.527625 0.843397
0.526802 0.843416
0.525385 0.843371
0.525084 0.843194
0.524099 0.843149
0.522851 0.84319
0.522156 0.843123
0.523213 0.843099
0.524995 0.842692
0.526987 0.842213
0.527168 0.842292
0.527917 0.842312
0.528871 0.842331
0.529983 0.842027
0.530192 0.841938
0.528708 0.842435
0.528479 0.842512
0.528461 0.842407
0.527974 0.842299
0.527522 0.842264
0.527591 0.841988
0.527234 0.842097
0.527384 0.841986
0.527181 0.84212
0.527573 0.842006
0.528027 0.841833
0.528358 0.841814
0.528408 0.841892
0.529807 0.841667
0.530115 0.841699
0.530532 0.841647
0.52995 0.841759
0.529269 0.841959
0.528683 0.842043
0.527711 0.842206
0.527316 0.842201
0.52714 0.842168
0.526201 0.842387
0.525869 0.842384
0.525244 0.842564
0.525329 0.842669
0.525603 0.842672
0.525736 0.842691
0.52595 0.842668
0.526859 0.842474
0.527021 0.842495
0.527365 0.842443
0.527078 0.842562
0.52601 0.842885
0.525477 0.842876
0.524991 0.842992
0.524402 0.843012
0.524042 0.843044
0.523867 0.843003
0.524217 0.842789
0.524459 0.842636
0.524144 0.842688
0.524113 0.842719
0.524351 0.842616
0.524742 0.842481
0.524927 0.842435
0.525485 0.842271
0.525778 0.842191
0.526402 0.842
0.526435 0.841995
0.526243 0.842083
0.525654 0.842331
0.525492 0.842301
0.525296 0.842315
0.525052 0.842366
0.524616 0.842438
0.524541 0.842422
0.524291 0.842376
0.524013 0.842384
0.523905 0.842386
0.523739 0.842466
0.523824 0.842493
0.442387 0.865986
0.469617 0.855018
0.477794 0.850861
0.484119 0.849084
0.483979 0.848438
0.483985 0.848408
0.486141 0.847699
0.489034 0.847469
0.496757 0.846488
0.500614 0.845583
0.504884 0.845416
0.508531 0.845177
0.511736 0.844675
0.512556 0.84463
0.514909 0.844371
0.51639 0.844182
0.512033 0.845624
0.510457 0.845536
0.508524 0.84568
0.507563 0.845568
0.507346 0.845496
0.506149 0.845662
0.505953 0.845436
0.505446 0.845954
0.50664 0.845926
0.507956 0.845657
0.50839 0.84562
0.509627 0.845617
0.510719 0.845439
0.51186 0.845142
0.512097 0.845194
0.51032 0.845647
0.510113 0.845517
0.509607 0.845465
0.508976 0.845562
0.508547 0.845503
0.508718 0.845285
0.508771 0.84526
0.515615 0.844459
0.517719 0.844329
0.518233 0.844182
0.518719 0.844136
0.518945 0.844169
0.518888 0.844365
0.519578 0.844184
0.520262 0.843933
0.520629 0.843904
0.519349 0.844345
0.518583 0.844541
0.517873 0.844555
0.516883 0.844693
0.516501 0.844657
0.516071 0.84464
0.515066 0.844863
0.514912 0.844799
0.514227 0.844909
0.514185 0.845036
0.514669 0.844942
0.514624 0.844957
0.515041 0.844882
0.515597 0.844794
0.515788 0.84471
0.516497 0.844551
0.515992 0.844708
0.514996 0.844957
0.514585 0.844925
0.513897 0.845064
0.513292 0.845129
0.512698 0.845274
0.512733 0.845094
0.513233 0.844855
0.513316 0.844748
0.513106 0.844767
0.513134 0.844863
0.513477 0.844756
0.513945 0.84466
0.51404 0.844679
0.514502 0.84454
0.514688 0.844473
0.515092 0.8444
0.515015 0.844492
0.514905 0.844549
0.513917 0.844898
0.513677 0.84487
0.513295 0.84492
0.513016 0.844945
0.512652 0.845
0.512721 0.844894
0.512565 0.844864
0.512277 0.844905
0.512145 0.844916
0.512125 0.844994
0.512232 0.844997
0.451522 0.864483
0.465025 0.85622
0.473322 0.851563
0.478474 0.849835
0.479087 0.84976
0.480774 0.85021
0.482025 0.848858
0.484266 0.848783
0.49094 0.847723
0.496149 0.847326
0.501703 0.846263
0.504604 0.846104
0.507154 0.845738
0.505919 0.84609
0.507108 0.845974
0.507536 0.846041
0.503477 0.847603
0.50238 0.84759
0.500607 0.847751
0.49977 0.847671
0.499057 0.847799
0.497787 0.848134
0.497234 0.848231
0.497524 0.848608
0.498707 0.848474
0.499949 0.848026
0.500426 0.847879
0.501236 0.84786
0.50167 0.847884
0.502848 0.847656
0.502914 0.847647
0.500503 0.848436
0.500135 0.848348
0.500102 0.848107
0.499322 0.848086
0.498967 0.848024
0.499183 0.847786
0.499204 0.847799
0.499659 0.847533
0.499493 0.847754
0.500116 0.84762
0.500929 0.84742
0.501201 0.847384
0.501473 0.84741
0.502602 0.847209
0.503196 0.847062
0.503846 0.846902
0.503038 0.847299
0.502253 0.847435
0.50181 0.84738
0.501161 0.847415
0.50118 0.8472
0.500901 0.84718
0.500599 0.847245
0.500603 0.847143
0.500133 0.84734
0.500521 0.847356
0.501176 0.84718
0.501184 0.847193
0.501587 0.847145
0.50228 0.84705
0.502389 0.846973
0.50319 0.846803
0.50289 0.846915
0.502013 0.847226
0.501675 0.847192
0.501225 0.847262
0.500994 0.847303
0.500746 0.847304
0.500498 0.847279
0.500779 0.847127
0.500818 0.847043
0.500565 0.847101
0.500571 0.847198
0.500986 0.847164
0.501363 0.847174
0.501453 0.847153
0.502038 0.846986
0.502416 0.846911
0.502568 0.846954
0.502444 0.84707
0.502257 0.847151
0.501316 0.84749
0.501024 0.847452
0.500663 0.847536
0.500338 0.847517
0.499924 0.847553
0.500035 0.847445
0.499988 0.847302
0.499795 0.847246
0.499857 0.847154
0.499918 0.847183
0.500217 0.847143
0.434108 0.865084
0.452326 0.858023
0.477938 0.851963
0.47606 0.852314
0.476769 0.852344
0.474755 0.853165
0.475857 0.851949
0.480742 0.851225
0.487003 0.850528
0.491201 0.849249
0.495835 0.847793
0.500555 0.84673
0.503422 0.846062
0.504022 0.845854
0.505952 0.845653
0.505978 0.846023
0.501279 0.847816
0.499323 0.848007
0.496925 0.848384
0.495769 0.848378
0.494817 0.848744
0.493785 0.849022
0.493631 0.848806
0.493739 0.849209
0.494941 0.849207
0.496139 0.848824
0.495928 0.848925
0.497007 0.848773
0.498045 0.848558
0.499161 0.848448
0.499124 0.848587
0.497064 0.849215
0.496816 0.849095
0.496349 0.849035
0.495498 0.849022
0.495321 0.848817
0.495479 0.848525
0.495614 0.848495
0.495769 0.848319
0.496012 0.848475
0.496488 0.84836
0.497 0.848329
0.497315 0.84825
0.497647 0.848278
0.498871 0.848064
0.49969 0.847813
0.500325 0.847714
0.499685 0.848013
0.499029 0.848227
0.498421 0.848233
0.497722 0.848228
0.497681 0.84809
0.497545 0.847985
0.496799 0.848113
0.496757 0.848039
0.496254 0.848257
0.496562 0.848358
0.497177 0.8482
0.497216 0.848181
0.497731 0.848032
0.498417 0.847868
0.500578 0.847458
0.502931 0.846993
0.502486 0.847177
0.501498 0.847522
0.501025 0.847538
0.500288 0.847764
0.499709 0.847846
0.499324 0.847874
0.499106 0.847781
0.499259 0.847639
0.499375 0.847548
0.499141 0.847582
0.499162 0.847697
0.499503 0.847584
0.499997 0.84749
0.500108 0.847512
0.500737 0.847336
0.501152 0.847242
0.501597 0.847134
0.501495 0.847207
0.501399 0.847224
0.50062 0.847464
0.500372 0.847434
0.500121 0.847472
0.499859 0.847499
0.499491 0.84757
0.49955 0.847482
0.499451 0.84744
0.499075 0.847479
0.498946 0.847475
0.498928 0.847562
0.499011 0.847576
0.465674 0.852164
0.465645 0.852013
0.471082 0.84986
0.469521 0.850586
0.469849 0.850721
0.47109 0.851062
0.472196 0.850189
0.474995 0.850699
0.480327 0.850862
0.484405 0.84982
0.488373 0.849022
0.491786 0.848633
0.494524 0.848234
0.494899 0.848171
0.495957 0.848237
0.496954 0.848069
0.493799 0.849106
0.492906 0.848858
0.491152 0.849048
0.490552 0.848738
0.48991 0.848958
0.489134 0.849049
0.488954 0.84895
0.489095 0.849371
0.490367 0.849375
0.491502 0.849008
0.491401 0.849036
0.491879 0.849105
0.492877 0.848951
0.49433 0.848678
0.498432 0.847918
0.496489 0.848567
0.496123 0.848503
0.49565 0.848514
0.495121 0.848463
0.494526 0.848499
0.494254 0.848501
0.49408 0.848558
0.494171 0.848481
0.494376 0.848685
0.495102 0.84847
0.495845 0.848264
0.49635 0.848194
0.496703 0.848134
0.497677 0.847997
0.498381 0.847878
0.498614 0.847855
0.497906 0.848132
0.497048 0.848368
0.496528 0.848347
0.495864 0.848499
0.495623 0.848431
0.495242 0.84849
0.494533 0.848652
0.494414 0.848634
0.493841 0.848815
0.493943 0.848964
0.494407 0.848941
0.49458 0.848945
0.494936 0.848858
0.495413 0.84877
0.495345 0.848815
0.495972 0.848744
0.495616 0.848882
0.494727 0.849177
0.494347 0.849132
0.494888 0.849024
0.495781 0.848792
0.496462 0.848658
0.497139 0.848472
0.498194 0.848168
0.498079 0.848082
0.497777 0.84813
0.497628 0.84829
0.497893 0.848245
0.498362 0.848127
0.498613 0.848062
0.499084 0.847938
0.499325 0.847862
0.499624 0.847792
0.499532 0.847853
0.49933 0.847917
0.498448 0.848279
0.498223 0.848272
0.497873 0.848378
0.497536 0.848352
0.497181 0.84842
0.497292 0.848332
0.497163 0.848311
0.496865 0.848364
0.49673 0.848343
0.496736 0.848434
0.496805 0.84848
0.425365 0.874399
0.444112 0.864183
0.454465 0.858574
0.45639 0.857798
0.458646 0.856971
0.458903 0.856721
0.46035 0.855684
0.464663 0.854943
0.470229 0.8542
0.47423 0.853065
0.47857 0.852136
0.482407 0.851437
0.484579 0.851239
0.485236 0.851047
0.486453 0.851142
0.48703 0.851318
0.483013 0.852676
0.482081 0.852698
0.481093 0.85259
0.48095 0.852284
0.480676 0.852407
0.480115 0.852341
0.480722 0.851928
0.481036 0.852264
0.482598 0.852067
0.484127 0.851701
0.484806 0.851507
0.485504 0.851498
0.486182 0.851469
0.487229 0.851262
0.487268 0.85134
0.48533 0.851666
0.485085 0.851517
0.484901 0.851448
0.484349 0.851511
0.483936 0.851446
0.483778 0.851416
0.483727 0.85146
0.483823 0.851478
0.483859 0.851735
0.484733 0.851482
0.485606 0.851248
0.485961 0.851192
0.486448 0.851064
0.487904 0.850735
0.488501 0.850661
0.488952 0.850616
0.48804 0.850912
0.487408 0.851023
0.48718 0.850908
0.486508 0.851021
0.486652 0.850823
0.486784 0.850712
0.486373 0.8508
0.486169 0.850852
0.485801 0.850978
0.486097 0.851072
0.486553 0.850936
0.486624 0.850946
0.487027 0.850891
0.487578 0.850774
0.487714 0.850744
0.488212 0.850642
0.487748 0.850821
0.486839 0.851073
0.486448 0.851094
0.485938 0.851235
0.485494 0.851284
0.485284 0.851184
0.485271 0.85103
0.485775 0.850763
0.485966 0.850678
0.48576 0.850706
0.485709 0.850836
0.486121 0.850741
0.486633 0.850653
0.486889 0.85063
0.487435 0.850453
0.487711 0.850452
0.487948 0.850455
0.48797 0.850483
0.48784 0.850588
0.486982 0.850922
0.486806 0.850858
0.487958 0.850541
0.487743 0.85056
0.487255 0.85064
0.487368 0.850562
0.487374 0.850536
0.487142 0.850588
0.487111 0.850565
0.487118 0.850658
0.487298 0.850697
0.428017 0.871995
0.442484 0.864934
0.451571 0.859375
0.452322 0.858248
0.451939 0.857692
0.454733 0.856971
0.456954 0.855984
0.460789 0.855356
0.476755 0.851629
0.480121 0.850992
0.483941 0.850142
0.487931 0.849584
0.490602 0.849274
0.489777 0.849631
0.49057 0.84994
0.491413 0.849797
0.487773 0.851015
0.486335 0.851045
0.484485 0.851294
0.483774 0.850932
0.482543 0.851477
0.481308 0.851822
0.480837 0.851798
0.480896 0.852251
0.482526 0.851935
0.48406 0.851539
0.484293 0.851307
0.485702 0.85109
0.486737 0.85091
0.48802 0.850591
0.487895 0.850816
0.485912 0.8516
0.485549 0.85159
0.485255 0.851554
0.484579 0.851666
0.484298 0.851629
0.484168 0.851481
0.484252 0.851555
0.484344 0.851539
0.484392 0.851758
0.485072 0.85157
0.485561 0.851505
0.486015 0.851339
0.486369 0.851269
0.487406 0.851115
0.488108 0.850968
0.488605 0.850942
0.487619 0.851319
0.486694 0.851642
0.486055 0.851653
0.485331 0.851793
0.485177 0.851696
0.484883 0.851665
0.484026 0.851874
0.4838 0.851858
0.483299 0.851906
0.483621 0.851948
0.484285 0.851744
0.484363 0.851746
0.48474 0.851728
0.485478 0.851533
0.485769 0.851437
0.486379 0.851386
0.485862 0.851591
0.484832 0.851965
0.484376 0.852004
0.484009 0.852074
0.483584 0.852106
0.48333 0.852185
0.482969 0.852232
0.483024 0.85213
0.482984 0.852063
0.482719 0.852057
0.482617 0.852192
0.482913 0.852136
0.483342 0.852057
0.483646 0.852008
0.484183 0.851879
0.484501 0.851818
0.484971 0.851735
0.485009 0.851756
0.484956 0.851768
0.484024 0.852106
0.483703 0.852149
0.48351 0.852164
0.483238 0.852115
0.48274 0.852205
0.482733 0.852129
0.482556 0.85216
0.482193 0.852214
0.482028 0.852206
0.482069 0.852304
0.482281 0.852296
0.414582 0.875001
0.42964 0.86854
0.441019 0.86248
0.444584 0.860577
0.447363 0.860397
0.448249 0.859676
0.452012 0.857401
0.456824 0.856784
0.463837 0.855736
0.468632 0.854207
0.473954 0.852956
0.478932 0.851963
0.482069 0.85154
0.482779 0.851369
0.484495 0.851202
0.485263 0.851225
0.481086 0.852782
0.479766 0.852898
0.478452 0.853033
0.477883 0.85275
0.477241 0.853022
0.476318 0.853161
0.476085 0.852895
0.476378 0.853278
0.477739 0.853305
0.479019 0.852753
0.479651 0.852553
0.481034 0.852421
0.481648 0.852443
0.482908 0.852284
0.482956 0.852425
0.480585 0.853262
0.480055 0.85332
0.479823 0.853268
0.478662 0.853451
0.478442 0.853282
0.478419 0.853146
0.481194 0.852448
0.481272 0.85241
0.481342 0.852637
0.481973 0.852479
0.482449 0.852407
0.482665 0.852296
0.48303 0.852245
0.484112 0.852017
0.484812 0.851876
0.48524 0.851889
0.484171 0.852326
0.483177 0.852691
0.482586 0.852722
0.482027 0.852747
0.482664 0.852429
0.482332 0.852373
0.481833 0.852464
0.481427 0.852573
0.480898 0.852732
0.481028 0.852822
0.481478 0.852728
0.481641 0.852749
0.482155 0.852629
0.482877 0.852469
0.482953 0.852483
0.48362 0.852393
0.483323 0.852497
0.482449 0.852811
0.482038 0.852824
0.481377 0.852957
0.481006 0.852959
0.480735 0.853022
0.480447 0.853087
0.480608 0.852955
0.48055 0.852886
0.480256 0.852954
0.480187 0.853089
0.480426 0.853033
0.480801 0.852911
0.481089 0.852808
0.481586 0.852657
0.481809 0.852616
0.482251 0.852569
0.48222 0.852613
0.482038 0.852735
0.481067 0.853062
0.480798 0.85309
0.48063 0.853115
0.480422 0.853118
0.480094 0.853179
0.480229 0.853079
0.480151 0.853008
0.479812 0.853032
0.479893 0.852927
0.479912 0.853006
0.480041 0.853026
